5644629
5446825
4030884
1197271
4024029
2271814
7081199
5371171
7897299
4708180
9303780
2842368
7752511
7191200
4935521
8982140
8324527
5571237
3917459
4676093
2390020
7021525
4817827
8410558
5676616
2111822
6315478
30044
9644775
4986839
9296553
3269273
8344346
2005160
5979562
3199376
2681969
186968
9666099
2111615
9736936
5119781
6586946
5698455
473050
5476417
192460
520838
2767743
5510950
3443238
1166799
7228801
1673494
8096569
1672032
4638166
5961526
7459667
3750709
3569119
8854259
2270452
3707709
1201614
2657284
7850276
514128
4054133
2204907
497259
2967466
6808687
6881832
3416545
295052
4441956
5630577
2374301
9627221
1463778
8643729
3504932
1733141
7741570
698410
9411699
678146
8723414
729622
5164228
2059545
9298460
2539385
1739829
3061928
6095863
6985220
8516299
1201868
3057438
