7886950
8949333
3576354
9520917
997683
177174
9469199
8696464
1918525
6740739
2363683
485412
3938129
5559
7233131
9107402
4679876
1758223
621435
7253388
6372663
6847637
6056342
1459242
2091815
4235698
695340
4457945
2516185
676603
4592791
2668438
371234
2901386
6002138
8776275
7989668
8439045
3139058
3812288
5842200
5773063
1146455
7263541
7954249
1077288
3871370
3015087
9149194
5512555
3280328
3619523
6501366
9832349
8117089
3122842
9538261
1674704
5098595
4185893
2737823
2122391
8148385
3873090
1191563
6630598
7026830
1933806
1488838
1927479
5967091
4737941
5605440
4836370
9389563
9524552
7254457
2354796
9132501
8159182
9897156
5458118
6110695
2350879
9736364
3608860
5179055
9474501
8252208
7364586
2049614
6574375
3976240
6174418
8656321
9212645
8642916
8743372
9407856
4783441
224049
