1390087
977706
5528564
1985903
1201978
4366316
1977832
3253157
2257895
3441055
187520
5097715
4233617
6860887
5068569
1850181
5644574
9867277
1454429
149185
5193169
7638775
972371
8032620
837306
4442125
3777174
4917840
2865401
8678232
7306179
8791621
2456741
9284037
4356792
304994
9135620
3198522
559584
650452
1790508
2299827
7856004
5002508
2658201
840820
5494151
7528130
8305698
6551207
2965685
8231081
2232476
7868321
9793779
217406
3245760
7998978
8033193
7429750
4859320
3168061
7107333
1850646
7071218
2845907
9665555
774541
626708
8484838
5804223
1011526
9094144
7769568
468431
6879632
7332207
8484564
2514425
5076045
274809
9547095
3868683
3869072
8951817
8159805
5039328
9190339
1308332
4157127
1941557
5212183
3322056
9283510
5616878
7903682
8790457
5916246
9002598
8569610
9690000
