9889191
1131015
7473227
9079949
1108714
9758267
3913831
2921977
8866711
5980370
4108972
5645336
4522602
4140520
3801609
8442513
1195185
6704894
4234241
4280337
1043376
5124166
4227612
4381739
8602048
9934807
4910820
3348294
1025568
9007997
3650496
6531342
7249998
789781
1673237
3118782
9722012
9379541
1417545
228725
1282859
4956119
9795335
9452790
2268912
5410942
508114
4117548
6265278
9016083
5086946
2969769
9978085
8773541
4552039
5001411
1562527
9714784
8426020
9737753
607472
3164368
7511332
48812
1097627
2007891
9055489
3253423
8507215
9046100
690376
2050789
6735595
5671068
916063
9212111
6075365
7613463
5200576
8309938
4376305
8683674
8708913
6667623
9036614
75429
6768952
9779511
6253784
7282700
5955928
2251332
5914141
898980
7684157
1703477
544690
5824523
7318882
2973903
5685321
