3661602
8229518
635786
9780967
8234269
9274331
484952
3941137
2924024
8075299
1124011
7732047
9461129
8964794
9149036
3646454
9695300
753309
6141124
4963931
1841353
7335913
1364193
9001415
6742771
1532165
7199604
6301584
4247788
7663119
9119487
7412473
3237860
5237537
4215533
1302507
3094240
5928355
7888560
2219595
3188835
2031436
5456202
9296454
3985083
7899867
7635186
127521
8704191
594456
9161631
6413391
3723313
3140337
7312162
1652444
8748845
2157937
9965536
1141930
6337323
492264
3308214
7873686
3735398
7608958
5876376
6405248
9743970
2066628
9728428
8868108
2302035
3694172
287164
5106540
295716
3229496
2665682
4186983
6104081
8527657
2192921
9332754
1647161
5143641
3243650
9907279
7752027
2290970
2427327
8471432
4882041
1104541
9554455
2800965
5024421
9565786
5736276
7185584
208273
