655080956
119518002
648937900
416130514
942360290
52603352
182282596
314425106
827284190
680853518
338947284
366225910
679725996
161412774
360406056
286102522
336258934
998439768
887827736
416763496
67742910
710873192
702467136
63046250
576415388
691662388
264095282
629472644
291625340
13571670
898746336
637032802
637568202
769778808
472310272
846667420
963229352
551832718
716557550
933264232
346921816
816467564
562562378
725390388
854461406
484420764
94423850
997183670
393955124
413287686
69809870
943157966
680986964
856051670
913691426
475902552
658584742
398150254
734150726
359274064
178090436
298210646
794553494
510075384
824559504
920489252
928662350
240099136
815953766
252514638
893754926
231183578
375877372
837649668
204589104
422518256
655451116
190461860
405562484
469598242
625836916
512198818
234060296
202298008
61465364
986452748
952508704
512095914
738721564
908914656
247726306
92968840
711626936
471727292
845695832
924605644
791496442
384852550
159969788
569962150
435194622
