708883582
861054042
967755166
421204666
684540118
6034972
353773018
991214078
731989582
768212546
891684514
493477590
321777780
232432070
76622962
560822050
594673342
940758190
193500550
663989136
681068954
284238914
958976730
626030482
543477382
543227780
525422060
48848286
696558230
924676642
444120384
299353710
187182652
624253180
29945634
594076370
353282222
790822854
284599774
323742874
198939534
668080288
645194480
47123620
354786350
374181074
134711948
216591786
218608464
53739770
497746190
936812596
730652770
370495212
518825058
322379774
127337580
714127392
687945852
886096832
535553154
395341844
412921684
340007282
951457012
471856038
652813170
730971322
476469562
534705128
933459434
375884822
220434382
167843964
911428806
35892886
867665204
213680316
607592498
180165934
751923656
126748710
298160592
291674758
64319890
541143220
225841796
668386328
335002722
107250738
982316072
487157288
32576844
341225734
977788992
291544504
111872880
202661350
352854524
548011764
559099800
