357672154
760235856
733377222
49061472
429727260
130673896
518283250
317635998
683231398
887621468
687069832
319163642
422278166
945560890
136904824
775458532
800396942
549575744
545742060
322377596
382676466
622863638
110685510
25119800
277566846
540105582
625088954
641171696
82249480
976262524
780857120
609756490
311623886
272785814
211002984
227933538
512192872
701895018
379857582
653480686
139093582
61975346
377871324
419327890
585019358
602482684
251181260
455877928
14244080
569919360
122952418
928022174
899459030
128463464
356169212
140076324
885380826
777355950
597760614
557379652
739342094
911925748
976623606
284084840
355172642
816651868
658161096
642777624
165662476
608196646
954064832
80876410
63564534
414635186
22738410
51377892
916298620
90128406
315601968
241305804
719253076
509202106
950821540
502126616
972358568
918133736
853295154
600936142
612333934
701496462
257058192
902444
90448392
440633288
873575230
5016888
968351170
198968142
330022886
344427074
606565696
