258503956
948672346
701637954
811949850
113506306
359162804
736314398
418759934
77746052
252952056
726825840
404464832
505630934
744986418
948209052
943045054
529845826
266130516
246919522
655368836
71173068
718552314
749831588
811930654
292293666
924516552
284861556
848501320
931240990
184476034
907518544
25815206
201193478
459191380
797198018
944878396
688894242
350964492
159952880
295405130
398231540
671748368
564570954
8226988
129701420
624477472
555879500
89743696
666232012
219104130
132303818
547687766
965443564
89805666
388832278
318593228
975576260
87125288
258518632
444198648
987585688
842616296
194148716
73843436
444117114
430592704
885604216
640132192
633005052
897453148
337701502
886400914
800753670
382272864
277020674
788521632
898593878
165912760
954962366
874057098
206435234
424952566
560855032
920860604
222041756
66642522
889612148
208204248
280949576
172538766
637002390
229662864
313733826
910402192
384929348
845564340
21850618
706228172
380717032
131745282
585941270
