605319538
875603570
428811708
62709040
616297482
954358272
220833438
11646818
489774496
56377054
835570842
672179022
475968568
753800540
16253990
380620816
29032762
854207264
644315388
504017428
717866020
434924326
52568070
556442054
513305396
898220866
544046360
741780446
605167620
139235818
985001492
195513916
298571686
494254804
136388010
159747062
814630006
174573312
788562552
712114236
7692892
658694664
841439608
908879056
253229312
2352424
928391974
618212840
412517962
600917702
674869938
503505608
348318302
622393554
305073924
365873682
694975982
627798916
10124954
419786858
948511582
699807866
779022580
282877302
123921060
83109128
33441826
912397628
978601064
467791056
821875882
313090474
383048090
597243670
122996240
84796266
831880636
771291136
861245564
718627212
579450096
34948714
57637818
353252150
790471860
100637718
182316758
603313494
208008674
873065920
538344000
762053952
287988144
134127190
35709766
2176796
213834256
961554440
973230374
571328692
440350240
